4.493016276305305041e+02 1.837580546162615467e-03
4.499013080868649581e+02 1.920850654045176296e-03
4.505009885431994121e+02 2.004613216014668967e-03
4.511006689995338661e+02 2.088869705753227703e-03
4.517003494558683769e+02 2.173621598872020697e-03
4.523000299122028309e+02 2.258870372911214990e-03
4.528997103685372849e+02 2.344617507340027423e-03
4.534993908248717389e+02 2.430864483556691678e-03
4.540990712812061929e+02 2.517612784888463920e-03
4.546987517375406469e+02 2.604863896591625826e-03
4.552984321938751009e+02 2.692619305851481990e-03
4.558981126502096117e+02 2.780880501782371627e-03
4.564977931065440657e+02 2.869648975427633881e-03
4.570974735628785197e+02 2.958926219759653795e-03
4.576971540192129737e+02 3.048713729679834988e-03
4.582968344755474277e+02 3.139013002018605728e-03
4.588965149318818817e+02 3.215328402292650517e-03
4.594961953882163357e+02 3.254427769098856491e-03
4.600958758445508465e+02 3.293725244028275403e-03
4.606955563008853005e+02 3.333221380166298108e-03
4.612952367572197545e+02 3.372916731291821912e-03
4.618949172135542085e+02 3.412811851877224547e-03
4.624945976698886625e+02 3.452907297088378923e-03
4.630942781262231165e+02 3.493203622784645749e-03
4.636939585825575705e+02 3.533701385518877008e-03
4.642936390388920813e+02 3.574401142537418120e-03
4.648933194952265353e+02 3.615303451780093637e-03
4.654929999515609893e+02 3.656408871880230654e-03
4.660926804078954433e+02 3.697717962164641901e-03
4.666923608642298973e+02 3.739231282653630514e-03
4.672920413205643513e+02 3.780949394060989597e-03
4.678917217768988621e+02 3.822872857794007428e-03
4.684914022332333161e+02 3.865002235953448381e-03
4.690910826895677701e+02 3.907338091333584576e-03
4.696907631459022241e+02 3.949880987422166832e-03
4.702904436022366781e+02 3.992631488400443310e-03
4.708901240585711321e+02 4.035590159143147802e-03
4.714898045149055861e+02 4.078757565218506242e-03
4.720894849712400401e+02 4.605349087417848902e-03
4.726891654275745509e+02 5.328111355083793924e-03
4.732888458839090049e+02 6.056900140795046239e-03
4.738885263402434589e+02 6.791702329598406015e-03
4.744882067965779129e+02 7.530228361762361308e-03
4.750878872529123669e+02 8.270529837731696934e-03
4.756875677092468209e+02 1.517812892622754685e-02
4.762872481655813317e+02 2.293432649750740127e-02
4.768869286219157857e+02 3.073556395209318948e-02
4.774866090782502397e+02 3.858195075904745364e-02
4.780862895345846937e+02 4.647359649560230122e-02
4.786859699909191477e+02 5.441061084716015267e-02
4.792856504472536017e+02 6.239310360729368593e-02
4.798853309035880557e+02 7.042118467774584334e-02
4.804850113599225097e+02 7.849496406842997043e-02
4.810846918162570205e+02 8.661455189743033634e-02
4.816843722725914745e+02 9.478005839099926111e-02
4.822840527289259285e+02 1.029915938835616607e-01
4.828837331852603825e+02 1.112492688177118966e-01
4.834834136415948365e+02 1.195531937442147474e-01
4.840830940979292905e+02 1.293164053750485709e-01
4.846827745542638013e+02 1.395797350252673541e-01
4.852824550105982553e+02 1.499003215888758123e-01
4.858821354669327093e+02 1.602783016960135920e-01
4.864818159232671633e+02 1.707138121100793271e-01
4.870814963796016173e+02 1.812069897277316100e-01
4.876811768359360713e+02 1.917579715788887695e-01
4.882808572922705252e+02 2.023668948267293155e-01
4.888805377486049792e+02 2.130338967676913275e-01
4.894802182049394901e+02 2.237591148314740930e-01
4.900798986612739441e+02 2.345426865810336103e-01
4.906795791176083981e+02 2.453847497125888621e-01
4.912792595739428521e+02 2.562854420556177071e-01
4.918789400302773061e+02 2.672449015728580179e-01
4.924786204866117600e+02 2.782632663603072931e-01
4.930783009429462709e+02 2.887152405424112667e-01
4.936779813992807249e+02 2.981819533317100479e-01
4.942776618556151789e+02 3.076986056390170199e-01
4.948773423119496329e+02 3.172653138396997474e-01
4.954770227682840869e+02 3.268821944208502583e-01
4.960767032246185408e+02 3.365493639812853210e-01
4.966763836809529948e+02 3.462669392315461114e-01
4.972760641372874488e+02 3.560609807400432203e-01
4.978757445936219597e+02 3.659615264963349546e-01
4.984754250499564137e+02 3.759132844657420702e-01
4.990751055062908677e+02 3.859163728803913229e-01
4.996747859626253216e+02 3.959305187302284423e-01
5.002744664189597756e+02 4.039528273230344468e-01
5.008741468752942296e+02 4.097506329649634460e-01
5.014738273316287405e+02 4.154808169267397711e-01
5.020735077879631945e+02 4.212324161952326618e-01
5.026731882442976485e+02 4.270054597048106859e-01
5.032728687006321024e+02 4.327999764047349429e-01
5.038725491569665564e+02 4.386159952591600075e-01
5.044722296133010104e+02 4.444535452471338188e-01
5.050719100696354644e+02 4.490314537779342419e-01
5.056715905259699753e+02 4.534911688663285090e-01
5.062712709823044293e+02 4.579665353871166245e-01
5.068709514386388832e+02 4.624575741265596895e-01
5.074706318949733372e+02 4.669643058815298176e-01
5.080703123513077912e+02 4.714867514595102449e-01
5.086699928076422452e+02 4.760249316785952756e-01
5.092696732639767561e+02 4.805788673674906142e-01
5.098693537203112101e+02 4.851485793655120338e-01
5.104690341766456640e+02 4.897615803760918540e-01
5.110687146329801180e+02 4.946641949623853396e-01
5.116683950893145720e+02 4.995839019610453513e-01
5.122680755456490260e+02 5.045207239797259158e-01
5.128677560019834800e+02 5.094746836375851906e-01
5.134674364583179340e+02 5.144458035652849093e-01
5.140671169146523880e+02 5.194341064049901036e-01
5.146667973709868420e+02 5.244396148103701583e-01
5.152664778273212960e+02 5.280607572564882668e-01
5.158661582836557500e+02 5.303579334586400185e-01
5.164658387399903177e+02 5.326610841444314737e-01
5.170655191963247717e+02 5.349702165243039875e-01
5.176651996526592256e+02 5.372853378122190993e-01
5.182648801089936796e+02 5.396064552256559788e-01
5.188645605653281336e+02 5.419335759856133139e-01
5.194642410216625876e+02 5.442667073166075342e-01
5.200639214779970416e+02 5.466058564466741432e-01
5.206636019343314956e+02 5.489510306073671631e-01
5.212632823906659496e+02 5.513022370337594680e-01
5.218629628470004036e+02 5.536594829644423399e-01
5.224626433033348576e+02 5.560227756415256906e-01
5.230623237596693116e+02 5.583921223106382836e-01
5.236620042160038793e+02 5.607675302209275126e-01
5.242616846723383333e+02 5.627246460804400385e-01
5.248613651286727873e+02 5.645221147602377254e-01
5.254610455850072412e+02 5.663232772803704629e-01
5.260607260413416952e+02 5.681281376547917539e-01
5.266604064976761492e+02 5.699366998993079525e-01
5.272600869540106032e+02 5.717489680315783751e-01
5.278597674103450572e+02 5.735649460711160774e-01
5.284594478666795112e+02 5.753846380392872994e-01
5.290591283230139652e+02 5.772080479593110214e-01
5.296588087793484192e+02 5.790351798562604069e-01
5.302584892356828732e+02 5.808660377570611377e-01
5.308581696920173272e+02 5.827006256904923021e-01
5.314578501483517812e+02 5.845389476871866163e-01
5.320575306046862352e+02 5.863810077796295372e-01
5.326572110610206892e+02 5.880337669258268729e-01
5.332568915173552568e+02 5.893498478919535488e-01
5.338565719736897108e+02 5.906675511131050937e-01
5.344562524300241648e+02 5.919868777558255912e-01
5.350559328863586188e+02 5.933078289870461486e-01
5.356556133426930728e+02 5.946304059740872283e-01
5.362552937990275268e+02 5.959546098846573159e-01
5.368549742553619808e+02 5.972804418868531418e-01
5.374546547116964348e+02 5.986079031491600144e-01
5.380543351680308888e+02 5.999369948404518205e-01
5.386540156243653428e+02 6.012677181299899143e-01
5.392536960806997968e+02 6.026000741874253386e-01
5.398533765370342508e+02 6.039340641827964928e-01
5.404530569933688184e+02 6.052696892865309097e-01
5.410527374497032724e+02 6.066069506694434788e-01
5.416524179060377264e+02 6.079458495027383336e-01
5.422520983623721804e+02 6.092863869580077418e-01
5.428517788187066344e+02 6.106285642072326603e-01
5.434514592750410884e+02 6.119723824227816245e-01
5.440511397313755424e+02 6.133178427774123032e-01
5.446508201877099964e+02 6.146649464442703881e-01
5.452505006440444504e+02 6.160136945968902600e-01
5.458501811003789044e+02 6.173640884091939895e-01
5.464498615567133584e+02 6.187161290554928916e-01
5.470495420130478124e+02 6.200698177104860820e-01
5.476492224693822664e+02 6.214251555492610324e-01
5.482489029257167203e+02 6.225736709136869829e-01
5.488485833820511743e+02 6.236392646538001516e-01
5.494482638383857420e+02 6.244616733923323837e-01
5.500479442947201960e+02 6.252284562765233478e-01
5.506476247510546500e+02 6.259955345499148560e-01
5.512473052073891040e+02 6.266825346028289667e-01
5.518469856637235580e+02 6.272538798752073097e-01
5.524466661200580120e+02 6.278251763777413785e-01
5.530463465763924660e+02 6.283964239243283734e-01
5.536460270327269200e+02 6.289676223288332979e-01
5.542457074890613740e+02 6.295387714050896255e-01
5.548453879453958280e+02 6.301098709668981890e-01
5.554450684017302819e+02 6.306809208280282908e-01
5.560447488580647359e+02 6.312519208022169259e-01
5.566444293143991899e+02 6.318228707031694480e-01
5.572441097707337576e+02 6.323937703445590142e-01
5.578437902270682116e+02 6.329646195400266961e-01
5.584434706834026656e+02 6.335354181031815912e-01
5.590431511397371196e+02 6.341061658476012663e-01
5.596428315960715736e+02 6.346768625868305369e-01
5.602425120524060276e+02 6.352475081343829100e-01
5.608421925087404816e+02 6.358181023037394741e-01
5.614418729650749356e+02 6.363886449083495656e-01
5.620415534214093896e+02 6.369591357616302130e-01
5.626412338777438435e+02 6.375295746769669147e-01
5.632409143340782975e+02 6.380999614677128617e-01
5.638405947904127515e+02 6.386702959471891594e-01
5.644402752467472055e+02 6.392405779286852718e-01
5.650399557030816595e+02 6.398108072254582446e-01
5.656396361594161135e+02 6.403809836507335929e-01
5.662393166157506812e+02 6.409511070177047465e-01
5.668389970720851352e+02 6.415211771395326057e-01
5.674386775284195892e+02 6.420911938293466514e-01
5.680383579847540432e+02 6.426611569002443902e-01
5.686380384410884972e+02 6.432310661652907990e-01
5.692377188974229512e+02 6.438009214375194356e-01
5.698373993537574052e+02 6.443988812265816213e-01
5.704370798100918591e+02 6.450442558616381605e-01
5.710367602664263131e+02 6.456897024891925518e-01
5.716364407227607671e+02 6.463352208852949365e-01
5.722361211790952211e+02 6.469808108258828794e-01
5.728358016354296751e+02 6.476264720867811464e-01
5.734354820917642428e+02 6.482722044437014830e-01
5.740351625480986968e+02 6.489180076722422807e-01
5.746348430044331508e+02 6.495638815478896877e-01
5.752345234607676048e+02 6.502098258460168312e-01
5.758342039171020588e+02 6.508558403418838179e-01
5.764338843734365128e+02 6.515019248106379557e-01
5.770335648297709668e+02 6.521480790273134209e-01
5.776332452861054207e+02 6.527943027668318132e-01
5.782329257424398747e+02 6.534405958040016005e-01
5.788326061987743287e+02 6.540869579135182299e-01
5.794322866551087827e+02 6.547333888699652382e-01
5.800319671114432367e+02 6.553798884478118092e-01
5.806316475677776907e+02 6.560264564214153271e-01
5.812313280241121447e+02 6.566730925650193784e-01
5.818310084804465987e+02 6.573197966527556391e-01
5.824306889367810527e+02 6.579665684586424312e-01
5.830303693931155067e+02 6.586134077565849454e-01
5.836300498494500744e+02 6.592603143203760174e-01
5.842297303057845284e+02 6.599072879236947964e-01
5.848294107621189823e+02 6.605543283401082988e-01
5.854290912184534363e+02 6.612014353430702984e-01
5.860287716747878903e+02 6.618444433064268884e-01
5.866284521311223443e+02 6.624817816725899755e-01
5.872281325874567983e+02 6.631191698301824866e-01
5.878278130437912523e+02 6.637566075571346147e-01
5.884274935001257063e+02 6.643940946312748563e-01
5.890271739564601603e+02 6.650316308303289015e-01
5.896268544127947280e+02 6.656692159319197444e-01
5.902265348691291820e+02 6.663068497135675727e-01
5.908262153254636360e+02 6.669445319526907667e-01
5.914258957817980900e+02 6.675822624266044558e-01
5.920255762381325439e+02 6.682200409125216289e-01
5.926252566944669979e+02 6.688578671875528014e-01
5.932249371508014519e+02 6.694957410287056820e-01
5.938246176071359059e+02 6.701336622128858389e-01
5.944242980634703599e+02 6.707716305168954785e-01
5.950239785198048139e+02 6.714096457174353327e-01
5.956236589761392679e+02 6.720477075911028830e-01
5.962233394324737219e+02 6.726858159143933591e-01
5.968230198888081759e+02 6.733239704636992951e-01
5.974227003451426299e+02 6.739621710153108625e-01
5.980223808014770839e+02 6.746004173454156483e-01
5.986220612578115379e+02 6.752314839319357720e-01
5.992217417141459919e+02 6.758596065757127569e-01
5.998214221704805595e+02 6.762387652487207301e-01
6.004211026268150135e+02 6.764781176237449900e-01
6.010207830831494675e+02 6.766886002932613886e-01
6.016204635394839215e+02 6.768848866349719273e-01
6.022201439958183755e+02 6.770801563132331502e-01
6.028198244521528295e+02 6.772753567461156088e-01
6.034195049084872835e+02 6.774704878529058671e-01
6.040191853648217375e+02 6.776655495528707274e-01
6.046188658211561915e+02 6.778605417652571186e-01
6.052185462774906455e+02 6.780554644092924299e-01
6.058182267338250995e+02 6.782503174041839555e-01
6.064179071901596672e+02 6.784451006691198938e-01
6.070175876464941211e+02 6.786398141232680148e-01
6.076172681028285751e+02 6.788344576857767709e-01
6.082169485591630291e+02 6.790290312757746305e-01
6.088166290154974831e+02 6.792235348123705219e-01
6.094163094718319371e+02 6.794179682146537225e-01
6.100159899281663911e+02 6.796123314016934147e-01
6.106156703845008451e+02 6.798066242925395741e-01
6.112153508408352991e+02 6.800008468062217482e-01
6.118150312971697531e+02 6.801949988617503884e-01
6.124147117535042071e+02 6.803890803781159624e-01
6.130143922098386611e+02 6.805830912742890648e-01
6.136140726661731151e+02 6.807770314692207503e-01
6.142137531225075691e+02 6.809709008818423115e-01
6.148134335788420231e+02 6.811646994310652792e-01
6.154131140351764770e+02 6.813579705443907342e-01
6.160127944915109310e+02 6.814908930850034352e-01
6.166124749478454987e+02 6.816237206656624581e-01
6.172121554041799527e+02 6.817564532304990488e-01
6.178118358605144067e+02 6.818890907236442311e-01
6.184115163168488607e+02 6.820216330892295842e-01
6.190111967731833147e+02 6.821540802713873530e-01
6.196108772295177687e+02 6.822864322142493387e-01
6.202105576858522227e+02 6.824186888619483415e-01
6.208102381421866767e+02 6.825508501586173837e-01
6.214099185985211307e+02 6.826829160483893766e-01
6.220095990548555847e+02 6.828148864753983416e-01
6.226092795111901523e+02 6.828205532636670849e-01
6.232089599675246063e+02 6.826611071450738866e-01
6.238086404238590603e+02 6.825002617042894570e-01
6.244083208801935143e+02 6.823358808221482441e-01
6.250080013365279683e+02 6.821714423538621785e-01
6.256076817928624223e+02 6.820069463372175900e-01
6.262073622491968763e+02 6.818423928100008080e-01
6.268070427055313303e+02 6.816777818099977182e-01
6.274067231618657843e+02 6.814808572080478521e-01
6.280064036182002383e+02 6.812741455186164252e-01
6.286060840745346923e+02 6.810674136017182967e-01
6.292057645308691463e+02 6.808606614834264992e-01
6.298054449872036002e+02 6.806538891898143984e-01
6.304051254435380542e+02 6.804470967469549159e-01
6.310048058998725082e+02 6.802402841809210843e-01
6.316044863562069622e+02 6.800334515177854922e-01
6.322041668125414162e+02 6.798265987836209501e-01
6.328038472688758702e+02 6.796197260044997135e-01
6.334035277252104379e+02 6.794019409871002724e-01
6.340032081815448919e+02 6.791814993438217707e-01
6.346028886378793459e+02 6.789610459400814424e-01
6.352025690942137999e+02 6.787405808031785615e-01
6.358022495505482539e+02 6.785201039604105144e-01
6.364019300068827079e+02 6.782996154390720234e-01
6.370016104632171619e+02 6.780791152664559229e-01
6.376012909195516158e+02 6.778586034698529383e-01
6.382009713758860698e+02 6.776380800765510193e-01
6.388006518322205238e+02 6.774175451138362281e-01
6.394003322885550915e+02 6.771969986089927396e-01
6.400000127448895455e+02 6.769764405893018422e-01
6.405996932012239995e+02 6.767558710820430479e-01
6.411993736575584535e+02 6.765352901144935371e-01
6.417990541138929075e+02 6.763146977139282701e-01
6.423987345702273615e+02 6.760940939076198752e-01
6.429984150265618155e+02 6.758734787228388718e-01
6.435980954828962695e+02 6.756528521868534476e-01
6.441977759392307235e+02 6.754322143269300138e-01
6.447974563955651774e+02 6.752115651703319843e-01
6.453971368518996314e+02 6.749909047443212184e-01
6.459968173082340854e+02 6.747702330761570222e-01
6.465964977645685394e+02 6.745495501930964810e-01
6.471961782209029934e+02 6.743288561223944599e-01
6.477958586772374474e+02 6.741081508913040476e-01
6.483955391335719014e+02 6.738874345270753352e-01
6.489952195899063554e+02 6.738013182581922278e-01
6.495949000462409231e+02 6.737222673710471232e-01
6.501945805025753771e+02 6.736431905050868085e-01
6.507942609589098311e+02 6.735382363097475178e-01
6.513939414152442851e+02 6.730683947255166055e-01
6.519936218715787390e+02 6.725984867118871557e-01
6.525933023279131930e+02 6.721285123014203444e-01
6.531929827842476470e+02 6.716646224194139370e-01
6.537926632405821010e+02 6.712022223651437081e-01
6.543923436969165550e+02 6.707397430827766183e-01
6.549920241532510090e+02 6.702771846079269569e-01
6.555917046095854630e+02 6.698836878107474746e-01
6.561913850659200307e+02 6.694926489054914276e-01
6.567910655222544847e+02 6.691014347919715943e-01
6.573907459785889387e+02 6.687100454742096467e-01
6.579904264349233927e+02 6.683184809562379147e-01
6.585901068912578467e+02 6.679267412420982764e-01
6.591897873475923006e+02 6.675348263358432677e-01
6.597894678039267546e+02 6.671427362415346396e-01
6.603891482602612086e+02 6.667504709632449122e-01
6.609888287165956626e+02 6.663580305050561536e-01
6.615885091729301166e+02 6.659654148710612009e-01
6.621881896292645706e+02 6.655726240653619952e-01
6.627878700855990246e+02 6.651796580920711355e-01
6.633875505419334786e+02 6.647865169553109910e-01
6.639872309982679326e+02 6.643932006592144779e-01
6.645869114546023866e+02 6.639997092079238383e-01
6.651865919109368406e+02 6.636060426055917505e-01
6.657862723672712946e+02 6.632122008563809956e-01
6.663859528236058622e+02 6.628181839644642359e-01
6.669856332799403162e+02 6.624239919340240146e-01
6.675853137362747702e+02 6.620296247692539771e-01
6.681849941926092242e+02 6.616350824743560954e-01
6.687846746489436782e+02 6.612403650535434441e-01
6.693843551052781322e+02 6.608454725110395334e-01
6.699840355616125862e+02 6.604504048510768666e-01
6.705837160179470402e+02 6.600551620778984940e-01
6.711833964742814942e+02 6.596597441957579022e-01
6.717830769306159482e+02 6.592641512089177924e-01
6.723827573869505159e+02 6.588683831216517461e-01
6.729824378432849699e+02 6.584724399382427817e-01
6.735821182996194239e+02 6.579450005892655273e-01
6.741817987559538778e+02 6.570365140689200523e-01
6.747814792122883318e+02 6.560572075839061768e-01
6.753811596686227858e+02 6.550451822662261003e-01
6.759808401249572398e+02 6.539449548577447313e-01
6.765805205812916938e+02 6.528453708277095480e-01
6.771802010376261478e+02 6.517464302355692185e-01
6.777798814939606018e+02 6.506481331406956947e-01
6.783795619502950558e+02 6.495504796023847671e-01
6.789792424066295098e+02 6.484534696798555098e-01
6.795789228629639638e+02 6.473571034322505025e-01
6.801786033192984178e+02 6.462613809186359415e-01
6.807782837756328718e+02 6.451663021980019730e-01
6.813779642319673258e+02 6.440718673292612495e-01
6.819776446883017798e+02 6.429780763712512615e-01
6.825773251446362337e+02 6.418849293827318947e-01
6.831770056009708014e+02 6.407924264223873179e-01
6.837766860573052554e+02 6.397005675488252052e-01
6.843763665136397094e+02 6.386093528205760705e-01
6.849760469699741634e+02 6.375187822960947104e-01
6.855757274263086174e+02 6.364288560337593159e-01
6.861754078826430714e+02 6.353395740918712509e-01
6.867750883389775254e+02 6.342509365286557177e-01
6.873747687953119794e+02 6.331629434022616465e-01
6.879744492516464334e+02 6.320755947707608069e-01
6.885741297079808874e+02 6.309888906921495844e-01
6.891738101643154550e+02 6.299028312243467598e-01
6.897734906206499090e+02 6.288174164251953968e-01
6.903731710769843630e+02 6.277326463524618427e-01
6.909728515333188170e+02 6.266485210638362835e-01
6.915725319896532710e+02 6.255650406169317446e-01
6.921722124459877250e+02 6.244822050692855342e-01
6.927718929023221790e+02 6.234000144783582442e-01
6.933715733586566330e+02 6.223784186911804905e-01
6.939712538149910870e+02 6.213946416000850625e-01
6.945709342713255410e+02 6.204111910920629969e-01
6.951706147276599950e+02 6.194280674311091195e-01
6.957702951839944490e+02 6.184452708812611110e-01
6.963699756403289030e+02 6.174628017065983965e-01
6.969696560966633569e+02 6.164806601712436995e-01
6.975693365529978109e+02 6.154142140758214197e-01
6.981690170093322649e+02 6.142170455878921409e-01
6.987686974656667189e+02 6.130138352653417000e-01
6.993683779220012866e+02 6.117546448396624648e-01
6.999680583783357406e+02 6.103552526091010622e-01
7.005677388346701946e+02 6.089569829823745506e-01
7.011674192910046486e+02 6.075598365431168491e-01
7.017670997473391026e+02 6.061638138750443661e-01
7.023667802036735566e+02 6.047689155619563328e-01
7.029664606600080106e+02 6.033751421877340260e-01
7.035661411163424646e+02 6.019824943363408787e-01
7.041658215726769185e+02 6.005909725918230357e-01
7.047655020290113725e+02 5.992005775383090205e-01
7.053651824853459402e+02 5.978113097600092907e-01
7.059648629416803942e+02 5.964231698412174598e-01
7.065645433980148482e+02 5.950361583663089649e-01
7.071642238543493022e+02 5.936502759197417323e-01
7.077639043106837562e+02 5.922655230860558451e-01
7.083635847670182102e+02 5.908816091416912997e-01
7.089632652233526642e+02 5.894653433240072404e-01
7.095629456796871182e+02 5.880503709215291197e-01
7.101626261360215722e+02 5.866366922974493026e-01
7.107623065923560262e+02 5.852243078149579336e-01
7.113619870486904802e+02 5.838132178372434922e-01
7.119616675050249341e+02 5.824034227274920150e-01
7.125613479613593881e+02 5.809949228488876516e-01
7.131610284176938421e+02 5.795877185646117757e-01
7.137607088740282961e+02 5.781818102378443180e-01
7.143603893303627501e+02 5.767771982317622115e-01
7.149600697866972041e+02 5.753738829095415008e-01
7.155597502430316581e+02 5.739718646343547892e-01
7.161594306993661121e+02 5.725711437693730144e-01
7.167591111557005661e+02 5.711717206777650047e-01
7.173587916120351338e+02 5.697735957226972570e-01
7.179584720683695878e+02 5.683767692673347138e-01
7.185581525247040418e+02 5.669812416748392092e-01
7.191578329810384957e+02 5.655870133083710227e-01
7.197575134373729497e+02 5.641940845310881025e-01
7.203571938937074037e+02 5.628024557061465094e-01
7.209568743500418577e+02 5.614121271966993065e-01
7.215565548063764254e+02 5.600230993658980028e-01
7.221562352627108794e+02 5.586353725768923306e-01
7.227559157190453334e+02 5.572489471928294691e-01
7.233555961753797874e+02 5.558638235768542657e-01
7.239552766317142414e+02 5.543473665873079881e-01
7.245549570880486954e+02 5.528155447172200532e-01
7.251546375443831494e+02 5.512851975885358913e-01
7.257543180007176034e+02 5.497563256108123353e-01
7.263539984570520573e+02 5.482289291936045528e-01
7.269536789133865113e+02 5.467030087464651578e-01
7.275533593697209653e+02 5.451916021955593994e-01
7.281530398260554193e+02 5.436840681664978359e-01
7.287527202823898733e+02 5.421779223028978523e-01
7.293524007387243273e+02 5.406731651619116619e-01
7.299520811950587813e+02 5.391700130023412418e-01
7.305517616513932353e+02 5.376712622832535704e-01
7.311514421077276893e+02 5.361738839505605370e-01
7.317511225640621433e+02 5.346778785863737227e-01
7.323508030203965973e+02 5.331832467728151448e-01
7.329504834767310513e+02 5.316899890920171456e-01
7.335501639330656189e+02 5.301981061261216155e-01
7.341498443894000729e+02 5.287075984572817688e-01
7.347495248457345269e+02 5.272184666676603682e-01
7.353492053020689809e+02 5.257307113394302789e-01
7.359488857584034349e+02 5.242443330547748026e-01
7.365485662147378889e+02 5.227593323958874549e-01
7.371482466710723429e+02 5.212757099449717435e-01
7.377479271274069106e+02 5.197934662842417231e-01
7.383476075837413646e+02 5.183126019959218844e-01
7.389472880400758186e+02 5.168331176622463774e-01
7.395469684964102726e+02 5.153550138654597879e-01
7.401466489527447266e+02 5.138782911878169157e-01
7.407463294090791806e+02 5.124029502115828860e-01
7.413460098654136345e+02 5.109289915190329268e-01
7.419456903217480885e+02 5.094564156924525911e-01
7.425453707780825425e+02 5.079852233141374240e-01
7.431450512344169965e+02 5.065154149663935179e-01
7.437447316907514505e+02 5.050469912315369569e-01
7.443444121470859045e+02 5.035799526918943725e-01
7.449440926034203585e+02 5.021142999298019438e-01
7.455437730597548125e+02 5.006500335276066194e-01
7.461434535160892665e+02 4.991871540676656727e-01
7.467431339724237205e+02 4.977256621323461472e-01
7.473428144287581745e+02 4.962655583040256335e-01
7.479424948850926285e+02 4.948068431650917698e-01
7.485421753414270825e+02 4.933151539035126043e-01
7.491418557977615365e+02 4.917556107514676755e-01
7.497415362540959904e+02 4.901976915837811255e-01
7.503412167104305581e+02 4.886413968109616368e-01
7.509408971667650121e+02 4.870791252756185297e-01
7.515405776230994661e+02 4.854536405538850685e-01
7.521402580794339201e+02 4.838301340069952050e-01
7.527399385357683741e+02 4.822086061260860146e-01
7.533396189921028281e+02 4.805890574023035100e-01
7.539392994484372821e+02 4.789714883268014201e-01
7.545389799047718498e+02 4.773558993907420223e-01
7.551386603611063038e+02 4.757422910852970310e-01
7.557383408174407577e+02 4.741306639016453217e-01
7.563380212737752117e+02 4.725210183309748735e-01
7.569377017301096657e+02 4.709133548644816591e-01
7.575373821864441197e+02 4.693076739933704222e-01
7.581370626427785737e+02 4.677039762088541219e-01
7.587367430991130277e+02 4.661022620021544327e-01
7.593364235554474817e+02 4.645025318645008561e-01
7.599361040117819357e+02 4.629047862871318308e-01
7.605357844681163897e+02 4.613090257612942890e-01
7.611354649244508437e+02 4.597152507782431008e-01
7.617351453807852977e+02 4.581234618292419070e-01
7.623348258371197517e+02 4.565336594055627306e-01
7.629345062934542057e+02 4.549458439984858660e-01
7.635341867497886597e+02 4.533600160993001005e-01
7.641338672061231136e+02 4.517761761993029368e-01
7.647335476624575676e+02 4.501943247897996492e-01
7.653332281187920216e+02 4.486144623621043936e-01
7.659329085751264756e+02 4.470365894075399305e-01
7.665325890314609296e+02 4.454607064174369024e-01
7.671322694877954973e+02 4.438868138831343901e-01
7.677319499441299513e+02 4.423149122959807444e-01
7.683316304004644053e+02 4.407450021473319213e-01
7.689313108567988593e+02 4.391770839285523698e-01
7.695309913131333133e+02 4.376111581310151988e-01
7.701306717694677673e+02 4.360472252461017884e-01
7.707303522258022213e+02 4.344852857652018452e-01
7.713300326821367889e+02 4.329253401797136802e-01
7.719297131384712429e+02 4.313673889810442641e-01
7.725293935948056969e+02 4.298114326606086166e-01
7.731290740511401509e+02 4.282574717098300288e-01
7.737287545074746049e+02 4.267055066201405622e-01
7.743284349638090589e+02 4.251555378829806608e-01
7.749281154201435129e+02 4.236075659897989842e-01
7.755277958764779669e+02 4.220615914320526851e-01
7.761274763328124209e+02 4.205176147012074650e-01
7.767271567891468749e+02 4.189756362887375740e-01
7.773268372454813289e+02 4.174356566861250895e-01
7.779265177018157829e+02 4.158976763848611369e-01
7.785261981581502368e+02 4.143616958764450020e-01
7.791258786144846908e+02 4.128277156523842417e-01
7.797255590708191448e+02 4.112957362041951281e-01
7.803252395271535988e+02 4.097657580234022601e-01
7.809249199834880528e+02 4.082377816015384520e-01
7.815246004398225068e+02 4.067118074301451225e-01
7.821242808961569608e+02 4.051878360007724056e-01
7.827239613524914148e+02 4.036658678049780402e-01
7.833236418088259825e+02 4.021459033343287581e-01
7.839233222651604365e+02 4.006279430804000619e-01
7.845230027214948905e+02 3.991119875347752255e-01
7.851226831778293445e+02 3.975980371890461273e-01
7.857223636341637985e+02 3.960860925348130279e-01
7.863220440904982524e+02 3.945761540636847919e-01
7.869217245468327064e+02 3.930682222672784998e-01
7.875214050031672741e+02 3.915622976372195585e-01
7.881210854595017281e+02 3.900583806651424790e-01
7.887207659158361821e+02 3.885564718426894326e-01
7.893204463721706361e+02 3.870565716615112506e-01
7.899201268285050901e+02 3.855586806132672573e-01
7.905198072848395441e+02 3.840627991896249926e-01
7.911194877411739981e+02 3.825689278822607675e-01
7.917191681975084521e+02 3.810770671828589418e-01
7.923188486538429061e+02 3.795872175831125350e-01
7.929185291101773601e+02 3.780993795747230046e-01
7.935182095665118140e+02 3.766135536494000235e-01
7.941178900228462680e+02 3.751297402988617580e-01
7.947175704791807220e+02 3.736479400148348673e-01
7.953172509355151760e+02 3.721681532890545041e-01
7.959169313918496300e+02 3.706903806132640922e-01
7.965166118481840840e+02 3.692146224792154929e-01
7.971162923045185380e+02 3.677463982557918620e-01
7.977159727608529920e+02 3.664183468798535848e-01
7.983156532171874460e+02 3.650920502194013872e-01
7.989153336735219000e+02 3.637657457419555262e-01
7.995150141298563540e+02 3.624368954707271606e-01
8.001146945861909217e+02 3.611098462848976176e-01
8.007143750425253756e+02 3.598361963388249096e-01
8.013140554988598296e+02 3.585656240893030366e-01
8.019137359551942836e+02 3.572965675425930354e-01
8.025134164115287376e+02 3.560290269808509822e-01
8.031130968678631916e+02 3.547630026862375052e-01
8.037127773241976456e+02 3.534882049738785059e-01
8.043124577805322133e+02 3.522133943446704718e-01
8.049121382368666673e+02 3.509401858161629861e-01
8.055118186932011213e+02 3.496685795161424415e-01
8.061114991495355753e+02 3.483985755723649769e-01
8.067111796058700293e+02 3.471301741125563112e-01
8.073108600622044833e+02 3.458633752644115766e-01
8.079105405185389372e+02 3.445981791555957074e-01
8.085102209748733912e+02 3.433345859137428291e-01
8.091099014312078452e+02 3.420725956664569245e-01
8.097095818875422992e+02 3.408122085413114455e-01
8.103092623438767532e+02 3.395534246658492572e-01
8.109089428002112072e+02 3.382962441675829712e-01
8.115086232565456612e+02 3.370406671739945015e-01
8.121083037128801152e+02 3.357866938125355083e-01
8.127079841692145692e+02 3.345343242106272874e-01
8.133076646255490232e+02 3.332835584956604369e-01
8.139073450818834772e+02 3.320343967949950237e-01
8.145070255382179312e+02 3.307868392359611942e-01
8.151067059945523852e+02 3.295408859458579531e-01
8.157063864508868392e+02 3.282965370519545512e-01
8.163060669072212931e+02 3.270537926814890972e-01
8.169057473635558608e+02 3.258126529616695022e-01
8.175054278198903148e+02 3.245731180196737564e-01
8.181051082762247688e+02 3.233351879826485975e-01
8.187047887325592228e+02 3.220988629777108425e-01
8.193044691888936768e+02 3.208324970171219093e-01
8.199041496452281308e+02 3.195111352617685530e-01
8.205038301015625848e+02 3.181920545830291824e-01
8.211035105578971525e+02 3.168752538352549997e-01
8.217031910142316065e+02 3.155607318724791832e-01
8.223028714705660605e+02 3.142484875484145013e-01
8.229025519269005144e+02 3.129385197164545884e-01
8.235022323832349684e+02 3.116308272296741677e-01
8.241019128395694224e+02 3.103254089408283289e-01
8.247015932959038764e+02 3.090222637023532504e-01
8.253012737522383304e+02 3.077213903663655881e-01
8.259009542085727844e+02 3.064227877846626980e-01
8.265006346649072384e+02 3.051264548087228579e-01
8.271003151212416924e+02 3.038323902897051010e-01
8.276999955775761464e+02 3.025405930784487163e-01
8.282996760339106004e+02 3.012510620254744143e-01
8.288993564902450544e+02 2.999637959809829391e-01
8.294990369465795084e+02 2.986787937948564564e-01
8.300987174029139624e+02 2.973960543166572768e-01
8.306983978592484164e+02 2.961155763956286324e-01
8.312980783155828703e+02 2.948373588806947332e-01
8.318977587719173243e+02 2.935614006204601556e-01
8.324974392282517783e+02 2.922877004632103426e-01
8.330971196845862323e+02 2.910162572569114925e-01
8.336968001409208000e+02 2.897470698492102259e-01
8.342964805972552540e+02 2.884801370874347515e-01
8.348961610535897080e+02 2.872154578185932561e-01
8.354958415099241620e+02 2.859530308893745709e-01
8.360955219662586160e+02 2.846928551461486712e-01
8.366952024225930700e+02 2.834349294349660653e-01
8.372948828789276376e+02 2.821792526015577951e-01
8.378945633352620916e+02 2.809258234913363794e-01
8.384942437915965456e+02 2.796746409493942043e-01
8.390939242479309996e+02 2.784257038205047441e-01
8.396936047042654536e+02 2.771790109491222287e-01
8.402932851605999076e+02 2.759345611793814768e-01
8.408929656169343616e+02 2.746923533550981733e-01
8.414926460732688156e+02 2.734523863197686477e-01
8.420923265296032696e+02 2.722146589165700403e-01
8.426920069859377236e+02 2.709791699883600802e-01
8.432916874422721776e+02 2.697459183776774183e-01
8.438913678986066316e+02 2.685149029267412946e-01
8.444910483549410856e+02 2.672861224774515931e-01
8.450907288112755396e+02 2.660595758713891756e-01
8.456904092676099935e+02 2.648352619498152705e-01
8.462900897239444475e+02 2.636131795536723610e-01
8.468897701802789015e+02 2.623876223148866038e-01
8.474894506366133555e+02 2.611589989198714878e-01
8.480891310929478095e+02 2.599326993434844524e-01
8.486888115492822635e+02 2.587087222323736779e-01
8.492884920056167175e+02 2.574771933965820936e-01
8.498881724619512852e+02 2.562329438707241502e-01
8.504878529182857392e+02 2.549962671619264709e-01
8.510875333746201932e+02 2.537746486514101951e-01
8.516872138309546472e+02 2.525952685489825655e-01
8.522868942872891012e+02 2.514181436681577342e-01
8.528865747436235552e+02 2.502432730053888443e-01
8.534862551999580091e+02 2.490706555563216018e-01
8.540859356562925768e+02 2.479002903157946358e-01
8.546856161126270308e+02 2.467321762778397487e-01
8.552852965689614848e+02 2.455663124356812776e-01
8.558849770252959388e+02 2.444026977817360946e-01
8.564846574816303928e+02 2.432413313076142169e-01
8.570843379379648468e+02 2.420822120041181968e-01
8.576840183942993008e+02 2.409253388612435376e-01
8.582836988506337548e+02 2.397707108681784438e-01
8.588833793069682088e+02 2.386183270133040712e-01
8.594830597633026628e+02 2.374681862841941660e-01
8.600827402196371168e+02 2.363202876676153974e-01
8.606824206759715707e+02 2.351746301495271918e-01
8.612821011323060247e+02 2.340312127150816490e-01
8.618817815886404787e+02 2.328900343486239033e-01
8.624814620449749327e+02 2.317510940336917347e-01
8.630811425013093867e+02 2.306143907530157355e-01
8.636808229576438407e+02 2.294799234885192829e-01
8.642805034139782947e+02 2.283476912213185106e-01
8.648801838703127487e+02 2.272176929317223093e-01
8.654798643266472027e+02 2.260899275992325763e-01
8.660795447829816567e+02 2.249643942025438548e-01
8.666792252393162244e+02 2.238410917195431948e-01
8.672789056956506784e+02 2.227200191273112084e-01
8.678785861519851323e+02 2.216011754021205982e-01
8.684782666083195863e+02 2.204845595194369900e-01
8.690779470646540403e+02 2.193701704539191000e-01
8.696776275209884943e+02 2.182549969023156455e-01
8.702773079773229483e+02 2.171354755264434666e-01
8.708769884336575160e+02 2.160182689578070414e-01
8.714766688899919700e+02 2.149033759705722413e-01
8.720763493463264240e+02 2.137907953379970249e-01
8.726760298026608780e+02 2.126805258324325487e-01
8.732757102589953320e+02 2.115725662253230277e-01
8.738753907153297860e+02 2.104669152872052362e-01
8.744750711716642400e+02 2.093635717877090074e-01
8.750747516279986939e+02 2.082625344955572333e-01
8.756744320843331479e+02 2.071638021785654205e-01
8.762741125406676019e+02 2.060673736036421066e-01
8.768737929970020559e+02 2.049732475367886664e-01
8.774734734533365099e+02 2.038814227430994219e-01
8.780731539096709639e+02 2.027918979867616156e-01
8.786728343660054179e+02 2.017046720310552432e-01
8.792725148223398719e+02 2.006197436383533872e-01
8.798721952786743259e+02 1.995371115701218556e-01
8.804718757350087799e+02 1.984567745869193489e-01
8.810715561913432339e+02 1.973787314483976263e-01
8.816712366476776879e+02 1.963029809133012282e-01
8.822709171040121419e+02 1.952295217394675042e-01
8.828705975603465959e+02 1.941583526838268625e-01
8.834702780166811635e+02 1.930894725024022152e-01
8.840699584730156175e+02 1.920228799503102268e-01
8.846696389293500715e+02 1.909585737817596496e-01
8.852693193856845255e+02 1.898965527500523220e-01
8.858689998420189795e+02 1.888368156075830862e-01
8.864686802983534335e+02 1.877793611058395928e-01
8.870683607546880012e+02 1.867241879954022465e-01
8.876680412110224552e+02 1.856712950259448713e-01
8.882677216673569092e+02 1.846206809462336840e-01
8.888674021236913632e+02 1.835723445041279323e-01
8.894670825800258172e+02 1.825262844465797007e-01
8.900667630363602711e+02 1.814824995196340218e-01
8.906664434926947251e+02 1.804409884684289311e-01
8.912661239490291791e+02 1.794017500371950791e-01
8.918658044053636331e+02 1.783647829692563969e-01
8.924654848616980871e+02 1.773300860070292917e-01
8.930651653180325411e+02 1.762976578920232851e-01
8.936648457743669951e+02 1.752674973648409018e-01
8.942645262307014491e+02 1.742396031651772814e-01
8.948642066870359031e+02 1.732139740318205945e-01
8.954638871433703571e+02 1.721906087026520149e-01
8.960635675997048111e+02 1.711695059146454423e-01
8.966632480560392651e+02 1.701506644038676686e-01
8.972629285123737191e+02 1.691340829054785166e-01
8.978626089687081731e+02 1.681197601537305630e-01
8.984622894250426270e+02 1.671076948819693875e-01
8.990619698813770810e+02 1.660978858226334065e-01
8.996616503377116487e+02 1.650790598855862434e-01
9.002613307940461027e+02 1.640600950500512301e-01
9.008610112503805567e+02 1.629732636964826287e-01
9.014606917067150107e+02 1.618505890894348376e-01
9.020603721630494647e+02 1.607306560627335124e-01
9.026600526193839187e+02 1.596134624355853016e-01
9.032597330757183727e+02 1.584990060269885204e-01
9.038594135320529404e+02 1.573624419834115384e-01
9.044590939883873943e+02 1.562172783167749546e-01
9.050587744447218483e+02 1.550753298618212928e-01
9.056584549010563023e+02 1.539365931296201861e-01
9.062581353573907563e+02 1.528010646309152787e-01
9.068578158137252103e+02 1.516687408761237255e-01
9.074574962700596643e+02 1.505396183753363315e-01
9.080571767263941183e+02 1.494136936383177738e-01
9.086568571827285723e+02 1.482909631745064349e-01
9.092565376390630263e+02 1.471714234930142362e-01
9.098562180953974803e+02 1.460550711026269710e-01
9.104558985517319343e+02 1.449419025118040549e-01
9.110555790080663883e+02 1.438319142286786367e-01
9.116552594644008423e+02 1.427251027610576539e-01
9.122549399207352963e+02 1.416214646164215829e-01
9.128546203770697502e+02 1.405209963019246611e-01
9.134543008334042042e+02 1.394236943243950255e-01
9.140539812897386582e+02 1.383295551903342691e-01
9.146536617460731122e+02 1.372385754059178009e-01
9.152533422024075662e+02 1.361507514769947080e-01
9.158530226587420202e+02 1.350660799090878939e-01
9.164527031150765879e+02 1.339845572073936064e-01
9.170523835714110419e+02 1.329061798767825209e-01
9.176520640277454959e+02 1.318309444217982962e-01
9.182517444840799499e+02 1.307588473466587686e-01
9.188514249404144039e+02 1.296898851552551191e-01
9.194511053967488579e+02 1.286240543511525392e-01
9.200507858530833118e+02 1.275613514375896762e-01
9.206504663094178795e+02 1.265017729174789385e-01
9.212501467657523335e+02 1.254453152934068560e-01
9.218498272220867875e+02 1.243919750676331232e-01
9.224495076784212415e+02 1.233417487420913755e-01
9.230491881347556955e+02 1.222946328183889403e-01
9.236488685910901495e+02 1.212506237978068085e-01
9.242485490474246035e+02 1.202097181812997462e-01
9.248482295037590575e+02 1.191719124694961690e-01
9.254479099600935115e+02 1.181372031626982677e-01
9.260475904164279655e+02 1.171098157475299328e-01
9.266472708727624195e+02 1.160927791079212207e-01
9.272469513290968735e+02 1.150786398863168775e-01
9.278466317854313274e+02 1.140673951276637843e-01
9.284463122417657814e+02 1.130590418766313637e-01
9.290459926981002354e+02 1.120535771776120931e-01
9.296456731544346894e+02 1.110509980747212272e-01
9.302453536107691434e+02 1.100513016117968951e-01
9.308450340671035974e+02 1.090544848324000310e-01
9.314447145234380514e+02 1.080605447798145963e-01
9.320443949797725054e+02 1.070694784970470659e-01
9.326440754361069594e+02 1.060812830268270807e-01
9.332437558924415271e+02 1.050959554116068645e-01
9.338434363487759811e+02 1.041134926935619598e-01
9.344431168051104351e+02 1.031338919145902977e-01
9.350427972614448890e+02 1.021571501163128226e-01
9.356424777177793430e+02 1.011832643400732840e-01
9.362421581741137970e+02 1.002122316269383612e-01
9.368418386304483647e+02 9.924404901769734444e-02
9.374415190867828187e+02 9.827871355286296740e-02
9.380411995431172727e+02 9.731622227267021363e-02
9.386408799994517267e+02 9.635657221707713549e-02
9.392405604557861807e+02 9.539976042576465975e-02
9.398402409121206347e+02 9.444578393813653217e-02
9.404399213684550887e+02 9.349463979331933128e-02
9.410396018247895427e+02 9.254632503016253786e-02
9.416392822811239967e+02 9.160083668723846551e-02
9.422389627374584506e+02 9.065817180284228838e-02
9.428386431937929046e+02 8.971832741499197184e-02
9.434383236501273586e+02 8.878130056142841120e-02
9.440380041064618126e+02 8.784708827961532074e-02
9.446376845627962666e+02 8.691568760673927529e-02
9.452373650191307206e+02 8.598709557970969641e-02
9.458370454754651746e+02 8.506130923515883846e-02
9.464367259317996286e+02 8.413832560944184413e-02
9.470364063881340826e+02 8.321814173863670283e-02
9.476360868444685366e+02 8.230075465854420902e-02
9.482357673008029906e+02 8.138412426462737770e-02
9.488354477571374446e+02 8.046833035669406775e-02
9.494351282134720122e+02 7.955541042432116849e-02
9.500348086698064662e+02 7.869906119416915369e-02
9.506344891261409202e+02 7.804102084816698370e-02
9.512341695824753742e+02 7.738361200615846702e-02
9.518338500388098282e+02 7.672828274730665588e-02
9.524335304951442822e+02 7.607497548499149442e-02
9.530332109514787362e+02 7.542368794079190586e-02
9.536328914078133039e+02 7.477441783606385284e-02
9.542325718641477579e+02 7.412716289194105912e-02
9.548322523204822119e+02 7.348192082933414915e-02
9.554319327768166659e+02 7.283868936893111989e-02
9.560316132331511199e+02 7.219746623119732698e-02
9.566312936894855739e+02 7.155824913637531814e-02
9.572309741458200278e+02 7.092103580448506917e-02
9.578306546021544818e+02 7.028582395532370630e-02
9.584303350584889358e+02 6.965261130846576998e-02
9.590300155148233898e+02 6.902139558326296498e-02
9.596296959711578438e+02 6.839217449884439637e-02
9.602293764274922978e+02 6.776494577411643072e-02
9.608290568838267518e+02 6.713970712776272387e-02
9.614287373401612058e+02 6.651645627824415152e-02
9.620284177964956598e+02 6.589519094379903130e-02
9.626280982528301138e+02 6.527590884244280356e-02
9.632277787091645678e+02 6.465860769196832281e-02
9.638274591654990218e+02 6.404328520994569118e-02
9.644271396218334758e+02 6.342993911372228621e-02
9.650268200781679298e+02 6.281856712042281632e-02
9.656265005345023837e+02 6.220916694694923754e-02
9.662261809908368377e+02 6.160173630998085070e-02
9.668258614471712917e+02 6.099627292597418343e-02
9.674255419035057457e+02 6.039277451116309425e-02
9.680252223598404271e+02 5.979123878155852279e-02
9.686249028161748811e+02 5.919166345294932241e-02
9.692245832725093351e+02 5.859404624090102515e-02
9.698242637288437891e+02 5.799838486075661881e-02
9.704239441851782431e+02 5.740467702763642904e-02
9.710236246415126971e+02 5.681292045643802913e-02
9.716233050978471510e+02 5.622957021794239979e-02
9.722229855541816050e+02 5.565800622839790768e-02
9.728226660105160590e+02 5.508806283053237218e-02
9.734223464668505130e+02 5.451973883395583309e-02
9.740220269231849670e+02 5.395303304815846773e-02
9.746217073795194210e+02 5.338794428251054242e-02
9.752213878358538750e+02 5.282447134626239160e-02
9.758210682921883290e+02 5.226261304854446649e-02
9.764207487485227830e+02 5.170236819836729336e-02
9.770204292048572370e+02 5.114373560462152218e-02
9.776201096611916910e+02 5.058671407607788495e-02
9.782197901175261450e+02 5.003130242138718875e-02
9.788194705738605990e+02 4.947749944908036435e-02
9.794191510301950530e+02 4.892530396756842453e-02
9.800188314865295069e+02 4.837471478514244333e-02
9.806185119428639609e+02 4.782573070997366699e-02
9.812181923991984149e+02 4.727835055011336829e-02
9.818178728555328689e+02 4.673257311349295062e-02
9.824175533118673229e+02 4.618839720792387166e-02
9.830172337682017769e+02 4.564582164109774048e-02
9.836169142245362309e+02 4.510484522058620660e-02
9.842165946808706849e+02 4.456546675384105705e-02
9.848162751372053663e+02 4.402768504819395967e-02
9.854159555935398203e+02 4.349149891085724723e-02
9.860156360498742742e+02 4.295463742038321819e-02
9.866153165062087282e+02 4.240325940415043404e-02
9.872149969625431822e+02 4.185392187274741826e-02
9.878146774188776362e+02 4.130662202634199920e-02
9.884143578752120902e+02 4.076135706483156179e-02
9.890140383315465442e+02 4.021812418784308923e-02
9.896137187878809982e+02 3.967692059473319072e-02
9.902133992442154522e+02 3.913774348458803898e-02
9.908130797005499062e+02 3.860059005622346745e-02
9.914127601568843602e+02 3.806545750818482454e-02
9.920124406132188142e+02 3.753234303874712630e-02
9.926121210695532682e+02 3.700124384591495924e-02
9.932118015258877222e+02 3.647215712742250815e-02
9.938114819822221762e+02 3.594508008073358379e-02
9.944111624385566301e+02 3.542000990304156050e-02
9.950108428948910841e+02 3.489694379126944551e-02
9.956105233512255381e+02 3.437587894206981659e-02
9.962102038075599921e+02 3.385681255182486360e-02
9.968098842638944461e+02 3.333974181664638853e-02
9.974095647202289001e+02 3.282466393237577773e-02
9.980092451765633541e+02 3.231157609458402274e-02
9.986089256328978081e+02 3.206047407678186412e-02
9.992086060892322621e+02 3.182064856222228261e-02
9.998082865455667161e+02 3.157810256533371412e-02
1.000407967001901170e+03 3.133394859164193719e-02
1.001007647458235624e+03 3.109051992533478845e-02
1.001607327914570305e+03 3.084789581117951957e-02
1.002207008370904759e+03 3.060615265510643196e-02
1.002806688827239213e+03 3.036528920627939998e-02
1.003406369283573667e+03 3.012530421378218845e-02
1.004006049739908121e+03 2.988619642661834164e-02
1.004605730196242575e+03 2.964796459371123530e-02
1.005205410652577029e+03 2.941060746390404892e-02
1.005805091108911483e+03 2.917412378595972064e-02
1.006404771565245937e+03 2.893901654036457397e-02
1.007004452021580391e+03 2.870486107165450343e-02
1.007604132477914845e+03 2.847156665239761880e-02
1.008203812934249299e+03 2.823913206371857221e-02
1.008803493390583753e+03 2.800755608666392893e-02
1.009403173846918207e+03 2.777683750220206332e-02
1.010002854303252661e+03 2.754697509122324209e-02
1.010602534759587115e+03 2.731796763453955834e-02
1.011202215215921569e+03 2.708981391288499060e-02
1.011801895672256023e+03 2.686251270691535076e-02
1.012401576128590477e+03 2.663606279720831180e-02
1.013001256584924931e+03 2.641046296426341131e-02
1.013600937041259385e+03 2.618571198850203757e-02
1.014200617497593839e+03 2.596180865026744347e-02
1.014800297953928293e+03 2.573875172982470830e-02
1.015399978410262747e+03 2.551654000736081757e-02
1.015999658866597201e+03 2.529517226298457280e-02
1.016599339322931655e+03 2.507464727672664706e-02
1.017199019779266109e+03 2.485496382853955716e-02
1.017798700235600791e+03 2.463612069829762205e-02
1.018398380691935245e+03 2.441811666579723691e-02
1.018998061148269699e+03 2.420095051075640824e-02
1.019597741604604153e+03 2.398728574509648159e-02
1.020197422060938607e+03 2.377499528191071715e-02
1.020797102517273061e+03 2.356348591646003493e-02
1.021396782973607515e+03 2.335275664088680425e-02
1.021996463429941969e+03 2.314280644726860944e-02
1.022596143886276423e+03 2.293363432761824985e-02
1.023195824342610877e+03 2.272523927388371903e-02
1.023795504798945331e+03 2.251762027794822901e-02
1.024395185255279785e+03 2.231077633163018603e-02
1.024994865711614239e+03 2.210470642668322522e-02
1.025594546167948693e+03 2.189940955479614121e-02
1.026194226624283147e+03 2.169488470759299570e-02
1.026793907080617601e+03 2.149113087663301683e-02
1.027393587536952055e+03 2.128814705341065122e-02
1.027993267993286508e+03 2.108593222935555359e-02
1.028592948449620962e+03 2.088448539583257282e-02
1.029192628905955416e+03 2.068380554414178674e-02
1.029792309362289870e+03 2.048389166551845691e-02
1.030391989818624324e+03 2.028474275113306691e-02
1.030991670274958778e+03 2.008635779209130140e-02
1.031591350731293232e+03 1.988873577943404969e-02
1.032191031187627686e+03 1.969187570413741262e-02
1.032790711643962140e+03 1.949577655711269911e-02
1.033390392100296594e+03 1.930043732920640881e-02
1.033990072556631048e+03 1.910585701120027027e-02
1.034589753012965730e+03 1.891203459381112298e-02
1.035189433469300184e+03 1.871896906769125735e-02
1.035789113925634638e+03 1.852665942342792901e-02
1.036388794381969092e+03 1.833510465154369190e-02
1.036988474838303546e+03 1.814430374249628025e-02
1.037588155294638000e+03 1.795500377586158047e-02
1.038187835750972454e+03 1.776866381740944620e-02
1.038787516207306908e+03 1.758301574766413591e-02
1.039387196663641362e+03 1.739805881361540865e-02
1.039986877119975816e+03 1.721379226220436792e-02
1.040586557576310270e+03 1.703021534032337150e-02
1.041186238032644724e+03 1.684732729481610777e-02
1.041785918488979178e+03 1.666512737247755060e-02
1.042385598945313632e+03 1.648361482005397324e-02
1.042985279401648086e+03 1.630278888424295178e-02
1.043584959857982540e+03 1.612264881169335473e-02
1.044184640314316994e+03 1.594319384900536388e-02
1.044784320770651448e+03 1.576442324273043954e-02
1.045384001226985902e+03 1.558633623937134838e-02
1.045983681683320356e+03 1.540893208538217027e-02
1.046583362139654810e+03 1.523221002716825846e-02
1.047183042595989264e+03 1.505616931108628813e-02
1.047782723052323718e+03 1.488080918344421993e-02
1.048382403508658172e+03 1.470612889050131912e-02
